00000000000000000000000000000000
01000000100101101100101111100100
01000000011110110101001111010001
01000000010010010000111111011011
01000000000101101100101111100100
00111111110010010000111111011011
01000001000000000000000000000000
01000000110010010000111111011011
01000001110000000000000000000000
01000100001101000000000000000000
01000111000111011000000000000000
01000000110000000000000000000000
01000101100111011000000000000000
01000010111100000000000000000000
00111111010010010000111111011011
00111111110010010000111111011011
0111111111111111111111111111111110110011110101101011111110010101
00110011110101101011111110010101
00111111100000000000000000000000
0000
01000000000000000000000000000000
01111000000000000000000000100000
11000100000000000000000000000000
01000100000000000000000000000000
01111000000000000000000000001010
11000100000000000000000000000000
01000100000000000000000000000000
01111000001000000000000000000001
10001000001111100000000000000000
10001000000111100000000000000100
00001111110111100000000000001000
01000000000000000000000000000000
00001111110111101111111111111000
01111100001111100000000000000000
01111100000111100000000000000100
10001000000111100000000000001000
00001111110111100000000000001100
01000000000000000000000000000000
00001111110111101111111111110100
01111100000111100000000000001000
01000100000000000000000000000000
10001001010111100000000000000000
10001000001111100000000000000100
10001000000111100000000000001000
01010100000000010000000000000000
00001111110111100000000000001100
01000000000000000000000000000000
00001111110111101111111111110100
01010101010000000000000000000000
01111100001111100000000000000100
01111100000111100000000000001000
10001000001111100000000000001100
10001000000111100000000000010000
01010100000010100000000000000000
00001111110111100000000000010100
01000000000000000000000000000000
00001111110111101111111111101100
01010101010000000000000000000000
01111100001111100000000000001100
01111100000111100000000000010000
10001000001111100000000000010100
10001000000111100000000000011000
01010100000010100000000000000000
00001111110111100000000000011100
01000000000000000000000000000000
00001111110111101111111111100100
01010101010000000000000000000000
01111100001111100000000000010100
01111100000111100000000000011000
00000101010010100000100000000000
00000101010010100000100000000000
00111101010000000000000000000000
00011100000000000000000111011100
10001000001111100000000000011100
10001000000111100000000000100000
01010100000000010000000000000000
00001111110111100000000000100100
01000000000000000000000000000000
00001111110111101111111111011100
01010101010000000000000000000000
01111100001111100000000000011100
01111100000111100000000000100000
10001000001111100000000000100100
10001000000111100000000000101000
01010100000010100000000000000000
00001111110111100000000000101100
01000000000000000000000000000000
00001111110111101111111111010100
01010101010000000000000000000000
01111100001111100000000000100100
01111100000111100000000000101000
10001000001111100000000000101100
10001000000111100000000000110000
01010100000010100000000000000000
00001111110111100000000000110100
01000000000000000000000000000000
00001111110111101111111111001100
01010101010000000000000000000000
01111100001111100000000000101100
01111100000111100000000000110000
00000101010010100000100000000000
00000101010010100000100000000000
10001000001111100000000000110100
10001000000111100000000000111000
01010100001010100000000000000000
00001111110111100000000000111100
01000000000000000000000000000000
00001111110111101111111111000100
01111100001111100000000000110100
01111100000111100000000000111000
10001000001111100000000000111100
10001000000111100000000001000000
01111100001111100000000000111100
01111100000111100000000001000000
00001111110111100000000001000100
01000000000000000000000000000000
00001111110111101111111110111100
00011000000000000000000111111000
10001000001111100000000001000100
10001000000111100000000001001000
01111100001111100000000001000100
01111100000111100000000001001000
00001111110111100000000001001100
01000000000000000000000000000000
00001111110111101111111110110100
01111101010111100000000000000000
01000100000000000000000000000000
10001001010111100000000000000000
00111100001000000000000000000000
00011100000000000000010110110000
00000101010000010000100000000000
00111101010000000000000000000000
00011100000000000000010110101000
00000101010010100000100000000000
00111101010000000000000000000000
00011100000000000000010110011100
10001000001111100000000000000100
10001000000111100000000000001000
01010100000000010000000000000000
00001111110111100000000000001100
01000000000000000000000000000000
00001111110111101111111111110100
01010101010000000000000000000000
01111100001111100000000000000100
01111100000111100000000000001000
00111101010000000000000000000000
00011100000000000000010110001100
10001000001111100000000000001100
10001000000111100000000000010000
01010100000000010000000000000000
00001111110111100000000000010100
01000000000000000000000000000000
00001111110111101111111111101100
01010101010000000000000000000000
01111100001111100000000000001100
01111100000111100000000000010000
00000101010010100000100000000000
00111101010000000000000000000000
00011100000000000000010101100000
10001000001111100000000000010100
10001000000111100000000000011000
01010100000000010000000000000000
00001111110111100000000000011100
01000000000000000000000000000000
00001111110111101111111111100100
01010101010000000000000000000000
01111100001111100000000000010100
01111100000111100000000000011000
00000101010010100000100000000000
00000101010010100000100000000000
00111101010000000000000000000000
00011100000000000000010100110000
10001000001111100000000000011100
10001000000111100000000000100000
01010100000000010000000000000000
00001111110111100000000000100100
01000000000000000000000000000000
00001111110111101111111111011100
01010101010000000000000000000000
01111100001111100000000000011100
01111100000111100000000000100000
00000101010010100000100000000000
00000101010010100000100000000000
00000101010010100000100000000000
00111101010000000000000000000000
00011100000000000000010011111100
10001000001111100000000000100100
10001000000111100000000000101000
01010100000000010000000000000000
00001111110111100000000000101100
01000000000000000000000000000000
00001111110111101111111111010100
01010101010000000000000000000000
01111100001111100000000000100100
01111100000111100000000000101000
10001000001111100000000000101100
10001000000111100000000000110000
01010100000010100000000000000000
00001111110111100000000000110100
01000000000000000000000000000000
00001111110111101111111111001100
01010101010000000000000000000000
01111100001111100000000000101100
01111100000111100000000000110000
10001000001111100000000000110100
10001000000111100000000000111000
01010100000010100000000000000000
00001111110111100000000000111100
01000000000000000000000000000000
00001111110111101111111111000100
01010101010000000000000000000000
01111100001111100000000000110100
01111100000111100000000000111000
00111101010000000000000000000000
00011100000000000000010011000100
10001000001111100000000000111100
10001000000111100000000001000000
01010100000000010000000000000000
00001111110111100000000001000100
01000000000000000000000000000000
00001111110111101111111110111100
01010101010000000000000000000000
01111100001111100000000000111100
01111100000111100000000001000000
10001000001111100000000001000100
10001000000111100000000001001000
01010100000010100000000000000000
00001111110111100000000001001100
01000000000000000000000000000000
00001111110111101111111110110100
01010101010000000000000000000000
01111100001111100000000001000100
01111100000111100000000001001000
10001000001111100000000001001100
10001000000111100000000001010000
01010100000010100000000000000000
00001111110111100000000001010100
01000000000000000000000000000000
00001111110111101111111110101100
01010101010000000000000000000000
01111100001111100000000001001100
01111100000111100000000001010000
00000101010010100000100000000000
00111101010000000000000000000000
00011100000000000000010001010000
10001000001111100000000001010100
10001000000111100000000001011000
01010100000000010000000000000000
00001111110111100000000001011100
01000000000000000000000000000000
00001111110111101111111110100100
01010101010000000000000000000000
01111100001111100000000001010100
01111100000111100000000001011000
10001000001111100000000001011100
10001000000111100000000001100000
01010100000010100000000000000000
00001111110111100000000001100100
01000000000000000000000000000000
00001111110111101111111110011100
01010101010000000000000000000000
01111100001111100000000001011100
01111100000111100000000001100000
10001000001111100000000001100100
10001000000111100000000001101000
01010100000010100000000000000000
00001111110111100000000001101100
01000000000000000000000000000000
00001111110111101111111110010100
01010101010000000000000000000000
01111100001111100000000001100100
01111100000111100000000001101000
00001000000000000101000000000000
00001000000000000000100000000000
00011000000000000000010011000000
10001000001111100000000001101100
10001000000111100000000001110000
01010100000000010000000000000000
00001111110111100000000001110100
01000000000000000000000000000000
00001111110111101111111110001100
01010100001000000000000000000000
01111100001111100000000001101100
01111100000111100000000001110000
10001000001111100000000001110100
10001000000111100000000001111000
01010100000000010000000000000000
00001111110111100000000001111100
01000000000000000000000000000000
00001111110111101111111110000100
01010100001000000000000000000000
01111100001111100000000001110100
01111100000111100000000001111000
10001000001111100000000001111100
10001000000111100000000010000000
01010100000000010000000000000000
00001111110111100000000010000100
01000000000000000000000000000000
00001111110111101111111101111100
01010100001000000000000000000000
01111100001111100000000001111100
01111100000111100000000010000000
00001000000000000000100000000000
00011000000000000000010011111000
10001000001111100000000010000100
10001000000111100000000010001000
01010100000000010000000000000000
00001111110111100000000010001100
01000000000000000000000000000000
00001111110111101111111101110100
01010101010000000000000000000000
01111100001111100000000010000100
01111100000111100000000010001000
00001000000000000101000000000000
00001000000000000000100000000000
00001000000000000000100000000000
00001000000000000000100000000000
00011000000000000000010100101100
10001000001111100000000010001100
10001000000111100000000010010000
01010100000000010000000000000000
00001111110111100000000010010100
01000000000000000000000000000000
00001111110111101111111101101100
01010101010000000000000000000000
01111100001111100000000010001100
01111100000111100000000010010000
00001000000000000101000000000000
00001000000000000000100000000000
00001000000000000000100000000000
00011000000000000000010101011100
10001000001111100000000010010100
10001000000111100000000010011000
01010100000000010000000000000000
00001111110111100000000010011100
01000000000000000000000000000000
00001111110111101111111101100100
01010101010000000000000000000000
01111100001111100000000010010100
01111100000111100000000010011000
00001000000000000101000000000000
00001000000000000000100000000000
00011000000000000000010110001000
10001000001111100000000010011100
10001000000111100000000010100000
01010100000000010000000000000000
00001111110111100000000010100100
01000000000000000000000000000000
00001111110111101111111101011100
01010100001000000000000000000000
01111100001111100000000010011100
01111100000111100000000010100000
00001000000000000000100000000000
00011000000000000000010110011000
00001000000000000000100000000000
00001000000000000000100000000000
00001000000000000000100000000000
00011000000000000000010110100100
00001000000000000000100000000000
00001000000000000000100000000000
00011000000000000000010110101100
00001000000000000000100000000000
00011000000000000000010110110100
10000100000000000000000000000000
01111101010111100000000000000000
01000100000000000000000000000000
01000100000000000000000000000000
01111000001000000000000000000010
11010000000000000000100000000000
01000100000000000000000000000000
01111000001000000000000000000100
11001100000000000000100000000000
01000100000000000000000000000000
10011100001000000000000000100000
00110000001000000000100000000000
10001000000111100000000000000000
10100000001111100000000000000100
10100000000111100000000000001000
10110000000000010000000000000000
00001111110111100000000000001100
01000000000000000000000000000000
00001111110111101111111111110100
01111100000111100000000000000000
10010100001111100000000000000100
10010100000111100000000000001000
10001000000111100000000000001100
10100000001111100000000000010000
10100000000111100000000000010100
00001111110111100000000000011000
01000000000000000000000000000000
00001111110111101111111111101000
10110000001000000000000000000000
01111100000111100000000000001100
10010100001111100000000000010000
10010100000111100000000000010100
10011101010000000000000000111100
00101101010000010101000000000000
10011100001000000000000000011100
00101100001010100000100000000000
00101000000000000000100000000000
10011100001000000000000000111100
00110100001000000000000000000000
00100000000000000000011111000000
10011100001000000000000000011000
00110100001000000000000000000000
00100000000000000000011110011000
10011100001000000000000000010100
00110100001000000000000000000000
00100000000000000000011101110000
10011100001000000000000000010000
00110100001000000000000000000000
00100000000000000000011101001000
10011100001000000000000000001100
00110100001000000000000000000000
00100000000000000000011100011100
10011100001000000000000000001000
00110100001000000000000000000000
00100000000000000000011011110000
10011100001000000000000000000100
00110100001000000000000000000000
00100000000000000000011011000100
10011100001000000000000000100000
00101000000000010000000000000000
10100000001111100000000000011000
10100000000111100000000000011100
00001111110111100000000000100000
01000000000000000000000000000000
00001111110111101111111111100000
10010100001111100000000000011000
10010100000111100000000000011100
01011100000000000000000000000000
00011000000000000000011011101100
10011100001000000000000000001000
00101000000000000000100000000000
10100000001111100000000000100000
10100000000111100000000000100100
00001111110111100000000000101000
01000000000000000000000000000000
00001111110111101111111111011000
10010100001111100000000000100000
10010100000111100000000000100100
01011100000000000000000000000000
00011000000000000000011100011000
10011100001000000000000000001000
00101000000000010000000000000000
10100000001111100000000000101000
10100000000111100000000000101100
00001111110111100000000000110000
01000000000000000000000000000000
00001111110111101111111111010000
10010100001111100000000000101000
10010100000111100000000000101100
01011100000000000000000000000000
00011000000000000000011101000100
10011100001000000000000000010000
00101000000000000000100000000000
10100000001111100000000000110000
10100000000111100000000000110100
00001111110111100000000000111000
01000000000000000000000000000000
00001111110111101111111111001000
10010100001111100000000000110000
10010100000111100000000000110100
01011100000000000000000000000000
00011000000000000000011101101100
10011100001000000000000000010000
00101000000000010000000000000000
10100000001111100000000000111000
10100000000111100000000000111100
10010100001111100000000000111000
10010100000111100000000000111100
00001111110111100000000001000000
01000000000000000000000000000000
00001111110111101111111111000000
00011000000000000000011110010100
10011100001000000000000000011000
00101000000000000000100000000000
10100000001111100000000001000000
10100000000111100000000001000100
10010100001111100000000001000000
10010100000111100000000001000100
00001111110111100000000001001000
01000000000000000000000000000000
00001111110111101111111110111000
00011000000000000000011110111100
10011100001000000000000000011000
00101000000000010000000000000000
10100000001111100000000001001000
10100000000111100000000001001100
10010100001111100000000001001000
10010100000111100000000001001100
00001111110111100000000001010000
01000000000000000000000000000000
00001111110111101111111110110000
00011000000000000000011111011100
10100000001111100000000001010000
10100000000111100000000001010100
10010100001111100000000001010000
10010100000111100000000001010100
00001111110111100000000001011000
01000000000000000000000000000000
00001111110111101111111110101000
01000100000000000000000000000000
00101101100000000000000000000000
00101100001011000000000000000000
00101101011000010000000000000000
00101100001010110000000000000000
00101101010000010000000000000000
10011100000000000000000000101100
00110000001010100000000000000000
10011100000000000000000000101000
00110000000010100000000000000000
00101000001000010000000000000000
10011100000000000000000000100100
00110000000010110000000000000000
00100100001000010000000000000000
10011100000000000000000001010100
00110000000011000000000000000000
00101000001000010000000000000000
10011100000000000000000001001100
00100100000000010000000000000000
01000100000000000000000000000000
00101100001000000000000000000000
00101101100000010000000000000000
00101100001011000000000000000000
00101100001000010000000000000000
10011101010000000000000000111000
00110001011000010101000000000000
00101100001000010000000000000000
00101101010000010000000000000000
10011100001000000000000000110100
00110000001010100000100000000000
00101001010010110000100000000000
10011100001000000000000000110000
00110000001011000000100000000000
00101000001010100000100000000000
00100100000000010000000000000000
01000100000000000000000000000000
10011100001000000000000000100000
00110000001000000000100000000000
10001000000111100000000000000000
10100000001111100000000000000100
10100000000111100000000000001000
10110000000000010000000000000000
00001111110111100000000000001100
01000000000000000000000000000000
00001111110111101111111111110100
01111100000111100000000000000000
10010100001111100000000000000100
10010100000111100000000000001000
10001000000111100000000000001100
10100000001111100000000000010000
10100000000111100000000000010100
00001111110111100000000000011000
01000000000000000000000000000000
00001111110111101111111111101000
10110000001000000000000000000000
01111100000111100000000000001100
10010100001111100000000000010000
10010100000111100000000000010100
10011101010000000000000000111100
00101101010000010101000000000000
10011100001000000000000000011100
00101100001010100000100000000000
00101000000000000000100000000000
10011100001000000000000000111100
00110100001000000000000000000000
00100000000000000000101001010100
10011100001000000000000000011000
00110100001000000000000000000000
00100000000000000000101000101100
10011100001000000000000000010100
00110100001000000000000000000000
00100000000000000000101000000000
10011100001000000000000000010000
00110100001000000000000000000000
00100000000000000000100111010100
10011100001000000000000000001100
00110100001000000000000000000000
00100000000000000000100110101000
10011100001000000000000000001000
00110100001000000000000000000000
00100000000000000000100101111100
10011100001000000000000000000100
00110100001000000000000000000000
00100000000000000000100101010100
10011100001000000000000000100000
00101000000000010000000000000000
10100000001111100000000000011000
10100000000111100000000000011100
10010100001111100000000000011000
10010100000111100000000000011100
00001111110111100000000000100000
01000000000000000000000000000000
00001111110111101111111111100000
00011000000000000000100101111000
10011100001000000000000000001000
00101000000000000000100000000000
10100000001111100000000000100000
10100000000111100000000000100100
10010100001111100000000000100000
10010100000111100000000000100100
00001111110111100000000000101000
01000000000000000000000000000000
00001111110111101111111111011000
00011000000000000000100110100100
10011100001000000000000000001000
00101000000000010000000000000000
10100000001111100000000000101000
10100000000111100000000000101100
00001111110111100000000000110000
01000000000000000000000000000000
00001111110111101111111111010000
10010100001111100000000000101000
10010100000111100000000000101100
01011100000000000000000000000000
00011000000000000000100111010000
10011100001000000000000000010000
00101000000000000000100000000000
10100000001111100000000000110000
10100000000111100000000000110100
00001111110111100000000000111000
01000000000000000000000000000000
00001111110111101111111111001000
10010100001111100000000000110000
10010100000111100000000000110100
01011100000000000000000000000000
00011000000000000000100111111100
10011100001000000000000000010000
00101000000000010000000000000000
10100000001111100000000000111000
10100000000111100000000000111100
00001111110111100000000001000000
01000000000000000000000000000000
00001111110111101111111111000000
10010100001111100000000000111000
10010100000111100000000000111100
01011100000000000000000000000000
00011000000000000000101000101000
10011100001000000000000000011000
00101000000000000000100000000000
10100000001111100000000001000000
10100000000111100000000001000100
00001111110111100000000001001000
01000000000000000000000000000000
00001111110111101111111110111000
10010100001111100000000001000000
10010100000111100000000001000100
01011100000000000000000000000000
00011000000000000000101001010000
10011100001000000000000000011000
00101000000000010000000000000000
10100000001111100000000001001000
10100000000111100000000001001100
10010100001111100000000001001000
10010100000111100000000001001100
00001111110111100000000001010000
01000000000000000000000000000000
00001111110111101111111110110000
00011000000000000000101001110000
10100000001111100000000001010000
10100000000111100000000001010100
10010100001111100000000001010000
10010100000111100000000001010100
00001111110111100000000001011000
01000000000000000000000000000000
00001111110111101111111110101000
01000100000000000000000000000000
00101101100000000000000000000000
00101100001011000000000000000000
00101101011000010000000000000000
00101100001010110000000000000000
00101101010000010000000000000000
10011100000000000000000000101100
00110000001010100000000000000000
10011100000000000000000000101000
00110000000010100000000000000000
00101000001000010000000000000000
10011100000000000000000000100100
00110000000010110000000000000000
00100100001000010000000000000000
10011100000000000000000001010100
00110000000011000000000000000000
00101000001000010000000000000000
10011100000000000000000001001100
00100100000000010000000000000000
01000100000000000000000000000000
00101100001000000000000000000000
00101101100000010000000000000000
00101100001011000000000000000000
00101100001000010000000000000000
10011101010000000000000000111000
00110001011000010101000000000000
00101100001000010000000000000000
00101101010000010000000000000000
10011100001000000000000000110100
00110000001010100000100000000000
00101001010010110000100000000000
10011100001000000000000000110000
00110000001011000000100000000000
00101000001010100000100000000000
00100100000000010000000000000000
01000100000000000000000000000000
10011100001000000000000001010000
00110100001000000000000000000000
00100000000000000000110010010000
10011100001000000000000001010100
10001000000111100000000000000000
10100000001111100000000000000100
10100000000111100000000000001000
10110000000000010000000000000000
00001111110111100000000000001100
01000000000000000000000000000000
00001111110111101111111111110100
10110001010000000000000000000000
01111100000111100000000000000000
10010100001111100000000000000100
10010100000111100000000000001000
10011100001000000000000001001100
00101000001010100000100000000000
00110100000000010000000000000000
00100000000000000000110001100100
10011100001000000000000001001100
00110100000000010000000000000000
00100000000000000000110000011100
10011100001000000000000001010100
10001000000111100000000000001100
10100000001111100000000000010000
10100000000111100000000000010100
10110000000000010000000000000000
00001111110111100000000000011000
01000000000000000000000000000000
00001111110111101111111111101000
10110001010000000000000000000000
01111100000111100000000000001100
10010100001111100000000000010000
10010100000111100000000000010100
10011100001000000000000001001100
00100100001010100000100000000000
00110100000000010000000000000000
00100000000000000000101111010100
10011101010000000000000001000000
10011100001000000000000001001100
00110000000000010000000000000000
01111000000000000000000001100100
10001000000111100000000000011000
10100000001111100000000000011100
10100000000111100000000000100000
00001111110111100000000000100100
01000000000000000000000000000000
00001111110111101111111111011100
01111100000111100000000000011000
10010100001111100000000000011100
10010100000111100000000000100000
00101000000010100000000000000000
00011000000000000000110000011000
10011101011000000000000000111100
10011100001000000000000001001100
00101001010000000000100000000000
10011100001000000000000001001100
00100100000000000000100000000000
00110000000010100000000000000000
01111000000000000000000001100100
10001000000111100000000000100100
10100000001111100000000000101000
10100000000111100000000000101100
00001111110111100000000000110000
01000000000000000000000000000000
00001111110111101111111111010000
01111100000111100000000000100100
10010100001111100000000000101000
10010100000111100000000000101100
00100100000010110000000000000000
00011000000000000000110001100000
10011101011000000000000000111100
10011100001000000000000001001100
00101001010000010000000000000000
10011100001000000000000001001100
00100100000000010000000000000000
00110000000010100000000000000000
01111000000000000000000001100100
10001000000111100000000000110000
10100000001111100000000000110100
10100000000111100000000000111000
00001111110111100000000000111100
01000000000000000000000000000000
00001111110111101111111111000100
01111100000111100000000000110000
10010100001111100000000000110100
10010100000111100000000000111000
00101000000010110000000000000000
00011000000000000000110010001100
01111000000000000000000001100100
10001000000111100000000000111100
10100000001111100000000001000000
10100000000111100000000001000100
01111100000111100000000000111100
10010100001111100000000001000000
10010100000111100000000001000100
00001111110111100000000001001000
01000000000000000000000000000000
00001111110111101111111110111000
00011000000000000000110010111100
01011100000000000000000000000000
10001000000111100000000001001000
10100000001111100000000001001100
10100000000111100000000001010000
00001111110111100000000001010100
01000000000000000000000000000000
00001111110111101111111110101100
01111100000111100000000001001000
10010100001111100000000001001100
10010100000111100000000001010000
01011100000000000000000000000000
01000100000000000000000000000000
10101100001000010000100000000000
10101100000000010000000000000000
00011100000000000000110110001100
00001100001000001111111111111111
10001000001111100000000000000000
10001000000111100000000000000100
10100000001111100000000000001000
10100000000111100000000000001100
01010100000000010000000000000000
00001111110111100000000000010000
01000000000000000000000000000000
00001111110111101111111111110000
10110001010000000000000000000000
01111100001111100000000000000000
01111100000111100000000000000100
10010100001111100000000000001000
10010100000111100000000000001100
01011100000000000000000000000000
01111000001000000000000000000010
11001100001000010000000000000000
01101000001000000000000000000000
10001000001111100000000000010000
10001000000111100000000000010100
10100000001111100000000000011000
10100000000111100000000000011100
01010100000000010000000000000000
00001111110111100000000000100000
01000000000000000000000000000000
00001111110111101111111111100000
10110000001000000000000000000000
01111100001111100000000000010000
01111100000111100000000000010100
10010100001111100000000000011000
10010100000111100000000000011100
01111000001000000000000000000010
11001100000000010000000000000000
01101000000000000000000000000000
10001000001111100000000000100000
10001000000111100000000000100100
10100000001111100000000000101000
10100000000111100000000000101100
00001111110111100000000000110000
01000000000000000000000000000000
00001111110111101111111111010000
01111100001111100000000000100000
01111100000111100000000000100100
10010100001111100000000000101000
10010100000111100000000000101100
00110000000000010000000000000000
00100100000010100000000000000000
00011000000000000000110110010000
10011100000000000000000000000000
01000100000000000000000000000000
10101100001000010000100000000000
10101100000000010000000000000000
00011100000000000000110111011100
01101100000000000000000000000000
10001000001111100000000000000000
10001000000111100000000000000100
10100000001111100000000000001000
10100000000111100000000000001100
00001111110111100000000000010000
01000000000000000000000000000000
00001111110111101111111111110000
10110000001000000000000000000000
01111100001111100000000000000000
01111100000111100000000000000100
10010100001111100000000000001000
10010100000111100000000000001100
00101100000000000000100000000000
00011000000000000000110111100000
10011100000000000000000001001100
01000100000000000000000000000000
10001001010111100000000000000000
01010100001111010000000000000000
00001111101111010000000000001000
01111000000000000000111110001000
10010000000000000000000000000000
10100000000000010000000000000100
01010100000111010000000000000000
00001111101111010000000000001000
01111001010000000000111001000000
10010001010000000000000000001010
10001000001000000000000000000100
10001000001111100000000000000100
10001000000111100000000000001000
10100000000111100000000000001100
01010111100000000000000000000000
00001111110111100000000000010000
01010000000000000000000000000000
00001111110111101111111111110000
01111100001111100000000000000100
01111100000111100000000000001000
10010100000111100000000000001100
01111101010111100000000000000000
01000100000000000000000000000000
10000100000000000000000000000000
10011101010000000000000001001000
10001000000111100000000000000000
10100000001111100000000000000100
10100000000111100000000000001000
01010111100000000000000000000000
00001111110111100000000000001100
01010000000000000000000000000000
00001111110111101111111111110100
01010100001000000000000000000000
01111100000111100000000000000000
10010100001111100000000000000100
10010100000111100000000000001000
00101000001000010000000000000000
00110101010000010000000000000000
00100000000000000000111100111000
10001000000111100000000000001100
10100000001111100000000000010000
10100000000111100000000000010100
01010111100000000000000000000000
00001111110111100000000000011000
01010000000000000000000000000000
00001111110111101111111111101000
01010100001000000000000000000000
01111100000111100000000000001100
10010100001111100000000000010000
10010100000111100000000000010100
00101001010000010000000000000000
10011100001000000000000001000100
00110101010000010000000000000000
00100000000000000000111100001100
10001000000111100000000000011000
10100000001111100000000000011100
10100000000111100000000000100000
01010111100000000000000000000000
00001111110111100000000000100100
01010000000000000000000000000000
00001111110111101111111111011100
01111100000111100000000000011000
10010100001111100000000000011100
10010100000111100000000000100000
10001000000111100000000000100100
10100000001111100000000000101000
10100000000111100000000000101100
01111100000111100000000000100100
10010100001111100000000000101000
10010100000111100000000000101100
00001111110111100000000000110000
01010000000000000000000000000000
00001111110111101111111111010000
00011000000000000000111100110100
10001000000111100000000000110000
10100000001111100000000000110100
10100000000111100000000000111000
01111100000111100000000000110000
10010100001111100000000000110100
10010100000111100000000000111000
01010111100000000000000000000000
00001111110111100000000000111100
01010000000000000000000000000000
00001111110111101111111111000100
00011000000000000000111110000100
10001000000111100000000000111100
10100000001111100000000001000000
10100000000111100000000001000100
01010111100000000000000000000000
00001111110111100000000001001000
01010000000000000000000000000000
00001111110111101111111110111000
01111100000111100000000000111100
10010100001111100000000001000000
10010100000111100000000001000100
10001000000111100000000001001000
10100000001111100000000001001100
10100000000111100000000001010000
01111100000111100000000001001000
10010100001111100000000001001100
10010100000111100000000001010000
00001111110111100000000001010100
01010000000000000000000000000000
00001111110111101111111110101100
01000100000000000000000000000000
10011100001000000000000000000000
00101101010000000000000000000000
00101001010010100000100000000000
10011100001000000000000001010100
00101100001000010000000000000000
00110000001010100000100000000000
00101000000000000000100000000000
01000100000000000000000000000000
10001001010111100000000000000000
01010100000111010000000000000000
00001111101111010000000000001000
01111000001000000001000100101000
10010000001000000000000000000001
10100000000000000000000000000100
01010100001111010000000000000000
00001111101111010000000000001000
01111001010000000001000001000100
10010001010000000000000000001010
10100000000000010000000000000100
01111001010000000000000000000001
10001000001111100000000000000100
10001000000111100000000000001000
10100000000111100000000000001100
01010111100000000000000000000000
01010100000010100000000000000000
00001111110111100000000000010000
01010000000000000000000000000000
00001111110111101111111111110000
01111100001111100000000000000100
01111100000111100000000000001000
10010100000111100000000000001100
01111001010000000000000000000010
11010001010000000101000000000000
10001000001111100000000000010000
10001000000111100000000000010100
10100000000111100000000000011000
01010111100000010000000000000000
01010100001000000000000000000000
01010100000010100000000000000000
00001111110111100000000000011100
01010000000000000000000000000000
00001111110111101111111111100100
01111100001111100000000000010000
01111100000111100000000000010100
10010100000111100000000000011000
01111101010111100000000000000000
01000100000000000000000000000000
10001001011111100000000000000000
10001001010111100000000000000100
10011100000000000000000000000000
00001001011000010000000000000000
01111001010000000000000000000001
10101101011010100000000000000000
00011100000000000001000100011000
00000101011000000000100000000000
01111001010000000000000000000010
11010001010010110101000000000000
10001000001111100000000000001000
10001000000111100000000000001100
10100000001111100000000000010000
10100000000111100000000000010100
01010100000010100000000000000000
00001111110111100000000000011000
01000000000000000000000000000000
00001111110111101111111111101000
10110000001000000000000000000000
01111100001111100000000000001000
01111100000111100000000000001100
10010100001111100000000000010000
10010100000111100000000000010100
00110100001000000000000000000000
00100000000000000001000011100000
01111000001000000000000000000010
11010000001010110000100000000000
10001000001111100000000000011000
10001000000111100000000000011100
10100000001111100000000000100000
10100000000111100000000000100100
01111100001111100000000000011000
01111100000111100000000000011100
10010100001111100000000000100000
10010100000111100000000000100100
00001111110111100000000000101000
01010000000000000000000000000000
00001111110111101111111111011000
00011000000000000001000100010100
01111000000000000000000000000010
11010000000010110000000000000000
10001000001111100000000000101000
10001000000111100000000000101100
10100000001111100000000000110000
10100000000111100000000000110100
01111100001111100000000000101000
01111100000111100000000000101100
10010100001111100000000000110000
10010100000111100000000000110100
00001111110111100000000000111000
01010000000000000000000000000000
00001111110111101111111111001000
00011000000000000001000100011100
10000100000000000000000000000000
01111101011111100000000000000000
01111101010111100000000000000100
01000100000000000000000000000000
10011100000000000000000000000000
10001000001111100000000000000000
10001000000111100000000000000100
10100000001111100000000000001000
10100000000111100000000000001100
00001111110111100000000000010000
01000000000000000000000000000000
00001111110111101111111111110000
10110000001000000000000000000000
01111100001111100000000000000000
01111100000111100000000000000100
10010100001111100000000000001000
10010100000111100000000000001100
00110100000000010000000000000000
00100000000000000001000101101100
10000100000000000000000000000000
00011000000000000001000110101000
01111000001000000000000000000100
11001100001000000000100000000000
01111000000000000000000000000010
11010000000000010000000000000000
10001000001111100000000000010000
10001000000111100000000000010100
10100000001111100000000000011000
10100000000111100000000000011100
01111100001111100000000000010000
01111100000111100000000000010100
10010100001111100000000000011000
10010100000111100000000000011100
00001111110111100000000000100000
01010000000000000000000000000000
00001111110111101111111111100000
01000100000000000000000000000000
10001001010111100000000000000000
01010100000111010000000000000000
00001111101111010000000000001000
01111000001000000001001110101000
10010000001000000000000000000001
10100000000000000000000000000100
01010100001111010000000000000000
00001111101111010000000000001000
01111001010000000001001001001000
10010001010000000000000000001010
10100000000000010000000000000100
01111001010000000000000000000001
10001000001111100000000000000100
10001000000111100000000000001000
10100000000111100000000000001100
01010111100000000000000000000000
01010100000010100000000000000000
00001111110111100000000000010000
01010000000000000000000000000000
00001111110111101111111111110000
01111100001111100000000000000100
01111100000111100000000000001000
10010100000111100000000000001100
01111001010000000000000000000010
11010001010000000101000000000000
10001000001111100000000000010000
10001000000111100000000000010100
10100000000111100000000000011000
01010111100000010000000000000000
01010100001000000000000000000000
01010100000010100000000000000000
00001111110111100000000000011100
01010000000000000000000000000000
00001111110111101111111111100100
01111100001111100000000000010000
01111100000111100000000000010100
10010100000111100000000000011000
01111101010111100000000000000000
01000100000000000000000000000000
10001001011111100000000000000000
10001001010111100000000000000100
10011100000000000000000000000000
00001001011000010000000000000000
01111001010000000000000000000001
10101101011010100000000000000000
00011100000000000001001100011100
00000101011000000000100000000000
01111001010000000000000000000010
11010001010010110101000000000000
10001000001111100000000000001000
10001000000111100000000000001100
10100000001111100000000000010000
10100000000111100000000000010100
01010100000010100000000000000000
00001111110111100000000000011000
01000000000000000000000000000000
00001111110111101111111111101000
10110000001000000000000000000000
01111100001111100000000000001000
01111100000111100000000000001100
10010100001111100000000000010000
10010100000111100000000000010100
00110100000000010000000000000000
00100000000000000001001011100100
01111000001000000000000000000010
11010000001010110000100000000000
10001000001111100000000000011000
10001000000111100000000000011100
10100000001111100000000000100000
10100000000111100000000000100100
01111100001111100000000000011000
01111100000111100000000000011100
10010100001111100000000000100000
10010100000111100000000000100100
00001111110111100000000000101000
01010000000000000000000000000000
00001111110111101111111111011000
00011000000000000001001100011000
01111000000000000000000000000010
11010000000010110000000000000000
10001000001111100000000000101000
10001000000111100000000000101100
10100000001111100000000000110000
10100000000111100000000000110100
01111100001111100000000000101000
01111100000111100000000000101100
10010100001111100000000000110000
10010100000111100000000000110100
00001111110111100000000000111000
01010000000000000000000000000000
00001111110111101111111111001000
00011000000000000001001110011100
10001000001111100000000000111000
10001000000111100000000000111100
10100000001111100000000001000000
10100000000111100000000001000100
01010100000000010000000000000000
00001111110111100000000001001000
01000000000000000000000000000000
00001111110111101111111110111000
10110000001000000000000000000000
01111100001111100000000000111000
01111100000111100000000000111100
10010100001111100000000001000000
10010100000111100000000001000100
00101001010000010000000000000000
10001000001111100000000001001000
10001000000111100000000001001100
10100000001111100000000001010000
10100000000111100000000001010100
00001111110111100000000001011000
01000000000000000000000000000000
00001111110111101111111110101000
10110000001000000000000000000000
01111100001111100000000001001000
01111100000111100000000001001100
10010100001111100000000001010000
10010100000111100000000001010100
00101000000000000000100000000000
00110101010000000000000000000000
00100000000000000001001110011000
10000100000000000000000000000000
00011000000000000001001110011100
10000100000000000000000000000000
01111101011111100000000000000000
01111101010111100000000000000100
01000100000000000000000000000000
10011100000000000000000000000000
10001000001111100000000000000000
10001000000111100000000000000100
10100000001111100000000000001000
10100000000111100000000000001100
00001111110111100000000000010000
01000000000000000000000000000000
00001111110111101111111111110000
10110000001000000000000000000000
01111100001111100000000000000000
01111100000111100000000000000100
10010100001111100000000000001000
10010100000111100000000000001100
00110100000000010000000000000000
00100000000000000001001111101100
10000100000000000000000000000000
00011000000000000001010000101000
01111000001000000000000000000100
11001100001000000000100000000000
01111000000000000000000000000010
11010000000000010000000000000000
10001000001111100000000000010000
10001000000111100000000000010100
10100000001111100000000000011000
10100000000111100000000000011100
01111100001111100000000000010000
01111100000111100000000000010100
10010100001111100000000000011000
10010100000111100000000000011100
00001111110111100000000000100000
01010000000000000000000000000000
00001111110111101111111111100000
01000100000000000000000000000000
10101100001000010000100000000000
00111100001000000000000000000000
00011100000000000001010010111000
10011100000000000000000001001100
01111000001000000000000000000001
10001000001111100000000000000000
10001000000111100000000000000100
10100000000111100000000000001000
00001111110111100000000000001100
01000000000000000000000000000000
00001111110111101111111111110100
01111100001111100000000000000000
01111100000111100000000000000100
10010100000111100000000000001000
01111000001000000000000000000001
10001000001111100000000000001100
10001000000111100000000000010000
10100000000111100000000000010100
00001111110111100000000000011000
01000000000000000000000000000000
00001111110111101111111111101000
01010100001000000000000000000000
01111100001111100000000000001100
01111100000111100000000000010000
10010100000111100000000000010100
10001000001111100000000000011000
10001000000111100000000000011100
10100000000111100000000000100000
01111100001111100000000000011000
01111100000111100000000000011100
10010100000111100000000000100000
00001111110111100000000000100100
01000000000000000000000000000000
00001111110111101111111111011100
00011000000000000001010011100100
01011000000000000000000000000000
10001000001111100000000000100100
10001000000111100000000000101000
10100000000111100000000000101100
00001111110111100000000000110000
01000000000000000000000000000000
00001111110111101111111111010000
01111100001111100000000000100100
01111100000111100000000000101000
10010100000111100000000000101100
01011100000000000000000000000000
01000100000000000000000000000000
10001001010111100000000000000000
00111100001000000000000000000000
00011100000000000001010101001000
01111001010000000000000000000001
10101100001010100000000000000000
00011100000000000001010101000000
10011100001000000000000001010100
00110000000000000000100000000000
01111001010000000000000000000010
11010000001000010101000000000000
10001000001111100000000000000100
10001000000111100000000000001000
10100000001111100000000000001100
10100000000111100000000000010000
01111100001111100000000000000100
01111100000111100000000000001000
10010100001111100000000000001100
10010100000111100000000000010000
00001111110111100000000000010100
01000000000000000000000000000000
00001111110111101111111111101100
00011000000000000001010101000100
10011100000000000000000001010000
00011000000000000001010110110000
01111001010000000000000000000001
10101100001010100000000000000000
00011100000000000001010110101000
00001001010000000000100000000000
10011100001000000000000001010100
00110000001000000000100000000000
01111000000000000000000000000010
11010000000000010000000000000000
10001000001111100000000000010100
10001000000111100000000000011000
10100000001111100000000000011100
10100000000111100000000000100000
01111100001111100000000000010100
01111100000111100000000000011000
10010100001111100000000000011100
10010100000111100000000000100000
01010100001000000000000000000000
01010100000010100000000000000000
10110000000000010000000000000000
00001111110111100000000000100100
01000000000000000000000000000000
00001111110111101111111111011100
10110000001000000000000000000000
00011000000000000001010110101100
10011100001000000000000001010000
00100100000000000000100000000000
01111101010111100000000000000000
01000100000000000000000000000000
10001001011111100000000000000000
10001001010111100000000000000100
01111001010000000000000000000100
11001101011000010101000000000000
01111001010000000000000000000010
11010001010010110101000000000000
00111101010000000000000000000000
00011100000000000001011000001000
01111001010000000000000000000100
11001101010000010101000000000000
01111000001000000000000000000010
11010000001010100000100000000000
10001000001111100000000000001000
10001000000111100000000000001100
01111100001111100000000000001000
01111100000111100000000000001100
00001111110111100000000000010000
01000000000000000000000000000000
00001111110111101111111111110000
00011000000000000001011000001100
10000100000000000000000000000000
01111101011111100000000000000000
01111101010111100000000000000100
01000100000000000000000000000000
10001001011111100000000000000000
10001001010111100000000000000100
01111001010000000000000000000100
11001101011000010101000000000000
01111001010000000000000000000010
11010001010010110101000000000000
00111101010000000000000000000000
00011100000000000001011001110100
00100100000000000000000000000000
01111001010000000000000000000100
11001101010000010101000000000000
01111000001000000000000000000010
11010000001010100000100000000000
10001000001111100000000000001000
10001000000111100000000000001100
10100000000111100000000000010000
01111100001111100000000000001000
01111100000111100000000000001100
10010100000111100000000000010000
00001111110111100000000000010100
01000000000000000000000000000000
00001111110111101111111111101100
00011000000000000001011001111000
10011100000000000000000000000000
01111101011111100000000000000000
01111101010111100000000000000100
01000100000000000000000000000000
