00000000000000000001011101010100
01000000101011111110110111011111
01000000100101101100101111100100
01000000011110110101001111010001
01000000010010010000111111011011
01000000000101101100101111100100
00111111110010010000111111011011
01000001000000000000000000000000
01000000110010010000111111011011
01000001110000000000000000000000
01000100001101000000000000000000
01000111000111011000000000000000
01000000110000000000000000000000
01000101100111011000000000000000
01000010111100000000000000000000
00111111010010010000111111011011
00111111110010010000111111011011
0111111111111111111111111111111110110011110101101011111110010101
00110011110101101011111110010101
00111111100000000000000000000000
0000
01000000000000000000000000000000
10001001001111110000000000000000
01111001001000000000000000100000
11000101001000000000000000000000
01111101001111110000000000000000
01000100000000000000000000000000
10001001001111110000000000000000
01111001001000000000000000001010
11000101001000000000000000000000
01111101001111110000000000000000
01000100000000000000000000000000
10001001001111110000000000000000
01111001001000000000000000000001
10001000001111110000000000000100
10001000000111110000000000001000
01010100000000010000000000000000
01010100001010010000000000000000
00001111111111110000000000001100
01000000000000000000000011011000
00001111111111111111111111110100
01010101001000000000000000000000
01111100001111110000000000000100
01111100000111110000000000001000
10001000001111110000000000001100
10001000000111110000000000010000
01010100000010010000000000000000
00001111111111110000000000010100
01000000000000000000011000011100
00001111111111111111111111101100
01111100001111110000000000001100
01111100000111110000000000010000
01111101001111110000000000000000
01000100000000000000000000000000
10001001001111110000000000000000
10001000001111110000000000000100
10001000000111110000000000001000
01010100000000100000000000000000
00001111111111110000000000001100
01000000000000000000011000110100
00001111111111111111111111110100
01010101001000000000000000000000
01111100001111110000000000000100
01111100000111110000000000001000
10001000001111110000000000001100
10001000000111110000000000010000
01010100000010010000000000000000
00001111111111110000000000010100
01000000000000000000011000110100
00001111111111111111111111101100
01010101001000000000000000000000
01111100001111110000000000001100
01111100000111110000000000010000
10001000001111110000000000010100
10001000000111110000000000011000
01010100000010010000000000000000
00001111111111110000000000011100
01000000000000000000011000100000
00001111111111111111111111100100
01010101001000000000000000000000
01111100001111110000000000010100
01111100000111110000000000011000
00000101001010010001000000000000
00000101001010010001000000000000
00111101001000010000000000000000
00011100000000000000001000101100
10001000001111110000000000011100
10001000000111110000000000100000
01010100000000100000000000000000
00001111111111110000000000100100
01000000000000000000011000110100
00001111111111111111111111011100
01010101001000000000000000000000
01111100001111110000000000011100
01111100000111110000000000100000
10001000001111110000000000100100
10001000000111110000000000101000
01010100000010010000000000000000
00001111111111110000000000101100
01000000000000000000011000110100
00001111111111111111111111010100
01010101001000000000000000000000
01111100001111110000000000100100
01111100000111110000000000101000
10001000001111110000000000101100
10001000000111110000000000110000
01010100000010010000000000000000
00001111111111110000000000110100
01000000000000000000011000100000
00001111111111111111111111001100
01010101001000000000000000000000
01111100001111110000000000101100
01111100000111110000000000110000
00000101001010010001000000000000
00000101001010010001000000000000
10001000010111110000000000110100
10001000001111110000000000111000
10001000000111110000000000111100
01010100000000010000000000000000
01010100001010010000000000000000
00001111111111110000000001000000
01000000000000000000000011011000
00001111111111111111111111000000
01010101001000000000000000000000
01111100010111110000000000110100
01111100001111110000000000111000
01111100000111110000000000111100
10001000010111110000000001000000
10001000001111110000000001000100
10001000000111110000000001001000
01111100010111110000000001000000
01111100001111110000000001000100
01111100000111110000000001001000
01010100001000100000000000000000
01010100000010010000000000000000
00001111111111110000000001001100
01000000000000000000001001100000
00001111111111111111111110110100
00011000000000000000001001011000
10001000010111110000000001001100
10001000001111110000000001010000
10001000000111110000000001010100
01111100010111110000000001001100
01111100001111110000000001010000
01111100000111110000000001010100
01010100000000010000000000000000
01010100001000100000000000000000
00001111111111110000000001011000
01000000000000000000001001100000
00001111111111111111111110101000
01111101001111110000000000000000
01000100000000000000000000000000
10001001001111110000000000000000
00111100010000010000000000000000
00011100000000000000011000010000
00000101001000100001000000000000
00111101001000010000000000000000
00011100000000000000011000001000
00000101001010010001000000000000
00111101001000010000000000000000
00011100000000000000010111111100
10001000001111110000000000000100
10001000000111110000000000001000
01010100000000100000000000000000
00001111111111110000000000001100
01000000000000000000011000110100
00001111111111111111111111110100
01010101001000000000000000000000
01111100001111110000000000000100
01111100000111110000000000001000
00111101001000010000000000000000
00011100000000000000010111101100
10001000001111110000000000001100
10001000000111110000000000010000
01010100000000100000000000000000
00001111111111110000000000010100
01000000000000000000011000110100
00001111111111111111111111101100
01010101001000000000000000000000
01111100001111110000000000001100
01111100000111110000000000010000
00000101001010010001000000000000
00111101001000010000000000000000
00011100000000000000010111000000
10001000001111110000000000010100
10001000000111110000000000011000
01010100000000100000000000000000
00001111111111110000000000011100
01000000000000000000011000110100
00001111111111111111111111100100
01010101001000000000000000000000
01111100001111110000000000010100
01111100000111110000000000011000
00000101001010010001000000000000
00000101001010010001000000000000
00111101001000010000000000000000
00011100000000000000010110010000
10001000001111110000000000011100
10001000000111110000000000100000
01010100000000100000000000000000
00001111111111110000000000100100
01000000000000000000011000110100
00001111111111111111111111011100
01010101001000000000000000000000
01111100001111110000000000011100
01111100000111110000000000100000
00000101001010010001000000000000
00000101001010010001000000000000
00000101001010010001000000000000
00111101001000010000000000000000
00011100000000000000010101011100
10001000001111110000000000100100
10001000000111110000000000101000
01010100000000100000000000000000
00001111111111110000000000101100
01000000000000000000011000110100
00001111111111111111111111010100
01010101001000000000000000000000
01111100001111110000000000100100
01111100000111110000000000101000
10001000001111110000000000101100
10001000000111110000000000110000
01010100000010010000000000000000
00001111111111110000000000110100
01000000000000000000011000110100
00001111111111111111111111001100
01010101001000000000000000000000
01111100001111110000000000101100
01111100000111110000000000110000
10001000001111110000000000110100
10001000000111110000000000111000
01010100000010010000000000000000
00001111111111110000000000111100
01000000000000000000011000100000
00001111111111111111111111000100
01010101001000000000000000000000
01111100001111110000000000110100
01111100000111110000000000111000
00111101001000010000000000000000
00011100000000000000010100100100
10001000001111110000000000111100
10001000000111110000000001000000
01010100000000100000000000000000
00001111111111110000000001000100
01000000000000000000011000110100
00001111111111111111111110111100
01010101001000000000000000000000
01111100001111110000000000111100
01111100000111110000000001000000
10001000001111110000000001000100
10001000000111110000000001001000
01010100000010010000000000000000
00001111111111110000000001001100
01000000000000000000011000110100
00001111111111111111111110110100
01010101001000000000000000000000
01111100001111110000000001000100
01111100000111110000000001001000
10001000001111110000000001001100
10001000000111110000000001010000
01010100000010010000000000000000
00001111111111110000000001010100
01000000000000000000011000100000
00001111111111111111111110101100
01010101001000000000000000000000
01111100001111110000000001001100
01111100000111110000000001010000
00000101001010010001000000000000
00111101001000010000000000000000
00011100000000000000010010110000
10001000001111110000000001010100
10001000000111110000000001011000
01010100000000100000000000000000
00001111111111110000000001011100
01000000000000000000011000110100
00001111111111111111111110100100
01010101001000000000000000000000
01111100001111110000000001010100
01111100000111110000000001011000
10001000001111110000000001011100
10001000000111110000000001100000
01010100000010010000000000000000
00001111111111110000000001100100
01000000000000000000011000110100
00001111111111111111111110011100
01010101001000000000000000000000
01111100001111110000000001011100
01111100000111110000000001100000
10001000001111110000000001100100
10001000000111110000000001101000
01010100000010010000000000000000
00001111111111110000000001101100
01000000000000000000011000100000
00001111111111111111111110010100
01010101001000000000000000000000
01111100001111110000000001100100
01111100000111110000000001101000
00001001001000010100100000000000
00001000000010010001000000000000
00011000000000000000010100100000
10001000001111110000000001101100
10001000000111110000000001110000
01010100000000100000000000000000
00001111111111110000000001110100
01000000000000000000011000110100
00001111111111111111111110001100
01010101001000000000000000000000
01111100001111110000000001101100
01111100000111110000000001110000
10001000001111110000000001110100
10001000000111110000000001111000
01010100000010010000000000000000
00001111111111110000000001111100
01000000000000000000011000110100
00001111111111111111111110000100
01010101001000000000000000000000
01111100001111110000000001110100
01111100000111110000000001111000
10001000001111110000000001111100
10001000000111110000000010000000
01010100000010010000000000000000
00001111111111110000000010000100
01000000000000000000011000100000
00001111111111111111111101111100
01010101001000000000000000000000
01111100001111110000000001111100
01111100000111110000000010000000
00001000000000010100100000000000
00011000000000000000010101011000
10001000001111110000000010000100
10001000000111110000000010001000
01010100000000100000000000000000
00001111111111110000000010001100
01000000000000000000011000110100
00001111111111111111111101110100
01010101001000000000000000000000
01111100001111110000000010000100
01111100000111110000000010001000
00001001001000010100100000000000
00001001001010010001000000000000
00001001001010010001000000000000
00001000000010010001000000000000
00011000000000000000010110001100
10001000001111110000000010001100
10001000000111110000000010010000
01010100000000100000000000000000
00001111111111110000000010010100
01000000000000000000011000110100
00001111111111111111111101101100
01010101001000000000000000000000
01111100001111110000000010001100
01111100000111110000000010010000
00001001001000010100100000000000
00001001001010010001000000000000
00001000000010010001000000000000
00011000000000000000010110111100
10001000001111110000000010010100
10001000000111110000000010011000
01010100000000100000000000000000
00001111111111110000000010011100
01000000000000000000011000110100
00001111111111111111111101100100
01010101001000000000000000000000
01111100001111110000000010010100
01111100000111110000000010011000
00001001001000010100100000000000
00001000000010010001000000000000
00011000000000000000010111101000
10001000001111110000000010011100
10001000000111110000000010100000
01010100000000100000000000000000
00001111111111110000000010100100
01000000000000000000011000110100
00001111111111111111111101011100
01010101001000000000000000000000
01111100001111110000000010011100
01111100000111110000000010100000
00001000000000010100100000000000
00011000000000000000010111111000
00001001001000010001000000000000
00001001001010010001000000000000
00001000000010010001000000000000
00011000000000000000011000000100
00001001001000010001000000000000
00001000000010010001000000000000
00011000000000000000011000001100
00001000000000010001000000000000
00011000000000000000011000010100
10000100000000000000000000000000
01111101001111110000000000000000
01000100000000000000000000000000
01000100000000000000000000000000
10001001001111110000000000000000
01111001001000000000000000000010
11010000000000010100100000000000
01111101001111110000000000000000
01000100000000000000000000000000
10001001001111110000000000000000
01111001001000000000000000000100
11001100000000010100100000000000
01111101001111110000000000000000
01000100000000000000000000000000
10001001001111110000000000000000
10011101001000000000000000100000
00110001001000000100100000000000
10001000000111110000000000000100
10100000000111110000000000001000
10110000000010010000000000000000
00001111111111110000000000001100
01000000000000000001000001100000
00001111111111111111111111110100
01010101001000000000000000000000
01111100000111110000000000000100
10010100000111110000000000001000
10001000000111110000000000001100
10100000000111110000000000010000
01010100000010010000000000000000
00001111111111110000000000010100
01000000000000000001010010110000
00001111111111111111111111101100
10110001001000000000000000000000
01111100000111110000000000001100
10010100000111110000000000010000
10011101000000000000000000111100
00101101000010010100000000000000
10011101001000000000000000011100
00101101001010000100100000000000
00101001001000000100100000000000
10011101000000000000000000111100
00110101000010010000000000000000
00100000000000000000100001011000
10011101000000000000000000011000
00110101000010010000000000000000
00100000000000000000100000101100
10011101000000000000000000010100
00110101000010010000000000000000
00100000000000000000100000000000
10011101000000000000000000010000
00110101000010010000000000000000
00100000000000000000011111010100
10011101000000000000000000001100
00110101000010010000000000000000
00100000000000000000011110100000
10011101000000000000000000001000
00110101000010010000000000000000
00100000000000000000011101101100
10011101000000000000000000000100
00110101000010010000000000000000
00100000000000000000011100111000
10011101000000000000000000100000
00101001001010000100100000000000
10001000000111110000000000010100
10100000000111110000000000011000
10110000000010010000000000000000
00001111111111110000000000011100
01000000000000000000100011001100
00001111111111111111111111100100
10110001001000000000000000000000
01111100000111110000000000010100
10010100000111110000000000011000
01100100000010010000000000000000
00011000000000000000011101101000
10011101000000000000000000001000
00101001001010010100000000000000
10001000000111110000000000011100
10100000000111110000000000100000
10110000000010010000000000000000
00001111111111110000000000100100
01000000000000000000100010000000
00001111111111111111111111011100
10110001001000000000000000000000
01111100000111110000000000011100
10010100000111110000000000100000
01100100000010010000000000000000
00011000000000000000011110011100
10011101000000000000000000001000
00101001001010000100100000000000
10001000000111110000000000100100
10100000000111110000000000101000
10110000000010010000000000000000
00001111111111110000000000101100
01000000000000000000100010000000
00001111111111111111111111010100
10110001001000000000000000000000
01111100000111110000000000100100
10010100000111110000000000101000
01100100000010010000000000000000
00011000000000000000011111010000
10011101000000000000000000010000
00101001001010010100000000000000
10001000000111110000000000101100
10100000000111110000000000110000
10110000000010010000000000000000
00001111111111110000000000110100
01000000000000000000100011001100
00001111111111111111111111001100
10110001001000000000000000000000
01111100000111110000000000101100
10010100000111110000000000110000
01100100000010010000000000000000
00011000000000000000011111111100
10011101000000000000000000010000
00101001001010000100100000000000
10001000000111110000000000110100
10100000000111110000000000111000
01111100000111110000000000110100
10010100000111110000000000111000
10110000000010010000000000000000
00001111111111110000000000111100
01000000000000000000100011001100
00001111111111111111111111000100
00011000000000000000100000101000
10011101000000000000000000011000
00101001001010010100000000000000
10001000000111110000000000111100
10100000000111110000000001000000
01111100000111110000000000111100
10010100000111110000000001000000
10110000000010010000000000000000
00001111111111110000000001000100
01000000000000000000100010000000
00001111111111111111111110111100
00011000000000000000100001010100
10011101000000000000000000011000
00101001001010000100100000000000
10001000000111110000000001000100
10100000000111110000000001001000
01111100000111110000000001000100
10010100000111110000000001001000
10110000000010010000000000000000
00001111111111110000000001001100
01000000000000000000100010000000
00001111111111111111111110110100
00011000000000000000100001111000
10001000000111110000000001001100
10100000000111110000000001010000
01111100000111110000000001001100
10010100000111110000000001010000
10110000000010010000000000000000
00001111111111110000000001010100
01000000000000000000100011001100
00001111111111111111111110101100
01111101001111110000000000000000
01000100000000000000000000000000
00101100101000000000000000000000
00101101001001010000000000000000
00101100110010010000000000000000
00101101001001100000000000000000
00101100111010010000000000000000
10011101001000000000000000101100
00110001000001110100100000000000
10011101001000000000000000101000
00110001001001110100100000000000
00101001000010000100100000000000
10011101001000000000000000100100
00110001001001100100100000000000
00100101000010000100100000000000
10011101001000000000000001010100
00110001001001010100100000000000
00101001000010000100100000000000
10011101001000000000000001001100
00100100000010000100100000000000
01000100000000000000000000000000
00101101001000000000000000000000
00101100110010010000000000000000
00101101001001100000000000000000
00101101001010010000000000000000
10011101000000000000000000111000
00110000111010010100000000000000
00101101001010010000000000000000
00101101000010010000000000000000
10011101001000000000000000110100
00110001001010000100100000000000
00101001000001110100100000000000
10011101001000000000000000110000
00110001001001100100100000000000
00101001001010000100100000000000
00100100000010010000000000000000
01000100000000000000000000000000
10001001001111110000000000000000
10011101001000000000000000100000
00110001001000000100100000000000
10001000000111110000000000000100
10100000000111110000000000001000
10110000000010010000000000000000
00001111111111110000000000001100
01000000000000000001000001100000
00001111111111111111111111110100
01010101001000000000000000000000
01111100000111110000000000000100
10010100000111110000000000001000
10001000000111110000000000001100
10100000000111110000000000010000
01010100000010010000000000000000
00001111111111110000000000010100
01000000000000000001010010110000
00001111111111111111111111101100
10110001001000000000000000000000
01111100000111110000000000001100
10010100000111110000000000010000
10011101000000000000000000111100
00101101000010010100000000000000
10011101001000000000000000011100
00101101001010000100100000000000
00101001001000000100100000000000
10011101000000000000000000111100
00110101000010010000000000000000
00100000000000000000101100011100
10011101000000000000000000011000
00110101000010010000000000000000
00100000000000000000101011110000
10011101000000000000000000010100
00110101000010010000000000000000
00100000000000000000101010111100
10011101000000000000000000010000
00110101000010010000000000000000
00100000000000000000101010001000
10011101000000000000000000001100
00110101000010010000000000000000
00100000000000000000101001010100
10011101000000000000000000001000
00110101000010010000000000000000
00100000000000000000101000100000
10011101000000000000000000000100
00110101000010010000000000000000
00100000000000000000100111110100
10011101000000000000000000100000
00101001001010000100100000000000
10001000000111110000000000010100
10100000000111110000000000011000
01111100000111110000000000010100
10010100000111110000000000011000
10110000000010010000000000000000
00001111111111110000000000011100
01000000000000000000101101000100
00001111111111111111111111100100
00011000000000000000101000011100
10011101000000000000000000001000
00101001001010010100000000000000
10001000000111110000000000011100
10100000000111110000000000100000
01111100000111110000000000011100
10010100000111110000000000100000
10110000000010010000000000000000
00001111111111110000000000100100
01000000000000000000101110010000
00001111111111111111111111011100
00011000000000000000101001010000
10011101000000000000000000001000
00101001001010000100100000000000
10001000000111110000000000100100
10100000000111110000000000101000
10110000000010010000000000000000
00001111111111110000000000101100
01000000000000000000101110010000
00001111111111111111111111010100
10110001001000000000000000000000
01111100000111110000000000100100
10010100000111110000000000101000
01100100000010010000000000000000
00011000000000000000101010000100
10011101000000000000000000010000
00101001001010010100000000000000
10001000000111110000000000101100
10100000000111110000000000110000
10110000000010010000000000000000
00001111111111110000000000110100
01000000000000000000101101000100
00001111111111111111111111001100
10110001001000000000000000000000
01111100000111110000000000101100
10010100000111110000000000110000
01100100000010010000000000000000
00011000000000000000101010111000
10011101000000000000000000010000
00101001001010000100100000000000
10001000000111110000000000110100
10100000000111110000000000111000
10110000000010010000000000000000
00001111111111110000000000111100
01000000000000000000101101000100
00001111111111111111111111000100
10110001001000000000000000000000
01111100000111110000000000110100
10010100000111110000000000111000
01100100000010010000000000000000
00011000000000000000101011101100
10011101000000000000000000011000
00101001001010010100000000000000
10001000000111110000000000111100
10100000000111110000000001000000
10110000000010010000000000000000
00001111111111110000000001000100
01000000000000000000101110010000
00001111111111111111111110111100
10110001001000000000000000000000
01111100000111110000000000111100
10010100000111110000000001000000
01100100000010010000000000000000
00011000000000000000101100011000
10011101000000000000000000011000
00101001001010000100100000000000
10001000000111110000000001000100
10100000000111110000000001001000
01111100000111110000000001000100
10010100000111110000000001001000
10110000000010010000000000000000
00001111111111110000000001001100
01000000000000000000101110010000
00001111111111111111111110110100
00011000000000000000101100111100
10001000000111110000000001001100
10100000000111110000000001010000
01111100000111110000000001001100
10010100000111110000000001010000
10110000000010010000000000000000
00001111111111110000000001010100
01000000000000000000101101000100
00001111111111111111111110101100
01111101001111110000000000000000
01000100000000000000000000000000
00101100101000000000000000000000
00101101001001010000000000000000
00101100110010010000000000000000
00101101001001100000000000000000
00101100111010010000000000000000
10011101001000000000000000101100
00110001000001110100100000000000
10011101001000000000000000101000
00110001001001110100100000000000
00101001000010000100100000000000
10011101001000000000000000100100
00110001001001100100100000000000
00100101000010000100100000000000
10011101001000000000000001010100
00110001001001010100100000000000
00101001000010000100100000000000
10011101001000000000000001001100
00100100000010000100100000000000
01000100000000000000000000000000
00101101001000000000000000000000
00101100110010010000000000000000
00101101001001100000000000000000
00101101001010010000000000000000
10011101000000000000000000111000
00110000111010010100000000000000
00101101001010010000000000000000
00101101000010010000000000000000
10011101001000000000000000110100
00110001001010000100100000000000
00101001000001110100100000000000
10011101001000000000000000110000
00110001001001100100100000000000
00101001001010000100100000000000
00100100000010010000000000000000
01000100000000000000000000000000
10001001001111110000000000000000
10011101001000000000000001010000
00110101001000000000000000000000
00100000000000000000110101011100
10011101001000000000000001010100
10001000000111110000000000000100
10100000000111110000000000001000
10110000000010010000000000000000
00001111111111110000000000001100
01000000000000000000111010110100
00001111111111111111111111110100
10110001000000000000000000000000
01111100000111110000000000000100
10010100000111110000000000001000
10011101001000000000000001001100
00101001001010000100100000000000
00110100000010010000000000000000
00100000000000000000110100110100
10011101001000000000000001001100
00110100000010010000000000000000
00100000000000000000110011101000
10011101001000000000000001010100
10001000000111110000000000001100
10100000000111110000000000010000
10110000000010010000000000000000
00001111111111110000000000010100
01000000000000000000111010110100
00001111111111111111111111101100
10110001000000000000000000000000
01111100000111110000000000001100
10010100000111110000000000010000
10011101001000000000000001001100
00100101001010000100100000000000
00110100000010010000000000000000
00100000000000000000110010011100
10011101000000000000000001000000
10011101001000000000000001001100
00110001001010010000000000000000
01111001001000000000000001100100
10001000000111110000000000010100
10100000000111110000000000011000
01010100000010010000000000000000
10110000000010010000000000000000
00001111111111110000000000011100
01000000000000000000110110010000
00001111111111111111111111100100
10110001001000000000000000000000
01111100000111110000000000010100
10010100000111110000000000011000
00101000000010000100100000000000
00011000000000000000110011100100
10011100111000000000000000111100
10011101001000000000000001001100
00101001000000000100100000000000
10011101001000000000000001001100
00100101001000000100100000000000
00110001001010000100100000000000
01111001001000000000000001100100
10001000000111110000000000011100
10100000000111110000000000100000
01010100000010010000000000000000
10110000000010010000000000000000
00001111111111110000000000100100
01000000000000000000110110010000
00001111111111111111111111011100
10110001001000000000000000000000
01111100000111110000000000011100
10010100000111110000000000100000
00100100000001110100100000000000
00011000000000000000110100110000
10011100111000000000000000111100
10011101001000000000000001001100
00101001000010010000000000000000
10011101001000000000000001001100
00100101001010010000000000000000
00110001001010000100100000000000
01111001001000000000000001100100
10001000000111110000000000100100
10100000000111110000000000101000
01010100000010010000000000000000
10110000000010010000000000000000
00001111111111110000000000101100
01000000000000000000110110010000
00001111111111111111111111010100
10110001001000000000000000000000
01111100000111110000000000100100
10010100000111110000000000101000
00101000000001110100100000000000
00011000000000000000110101011000
01111001001000000000000001100100
10001000000111110000000000101100
10100000000111110000000000110000
01111100000111110000000000101100
10010100000111110000000000110000
01010100000010010000000000000000
00001111111111110000000000110100
01000000000000000000110110010000
00001111111111111111111111001100
00011000000000000000110110001000
01100101001000000000000000000000
10001000000111110000000000110100
10100000000111110000000000111000
10110000000010010000000000000000
00001111111111110000000000111100
01000000000000000000101111010000
00001111111111111111111111000100
10110001001000000000000000000000
01111100000111110000000000110100
10010100000111110000000000111000
01100100000010010000000000000000
01111101001111110000000000000000
01000100000000000000000000000000
10001001001111110000000000000000
10101101001010010100100000000000
10101100001010010000000000000000
00011100000000000000111001010100
00001101001000011111111111111111
10001000001111110000000000000100
10001000000111110000000000001000
10100000000111110000000000001100
01010100000010010000000000000000
00001111111111110000000000010000
01000000000000000000110110010000
00001111111111111111111111110000
10110000111000000000000000000000
01111100001111110000000000000100
01111100000111110000000000001000
10010100000111110000000000001100
01100101001000000000000000000000
01111001001000000000000000000010
11001101001010010000100000000000
01101001001000000000000000000000
10001000001111110000000000010000
10001000000111110000000000010100
10100000000111110000000000011000
01010100000010010000000000000000
10110000000010010000000000000000
00001111111111110000000000011100
01000000000000000000111001100000
00001111111111111111111111100100
10110001000000000000000000000000
01111100001111110000000000010000
01111100000111110000000000010100
10010100000111110000000000011000
01111001001000000000000000000010
11001101001010010000100000000000
01101001001000000000000000000000
10001000001111110000000000011100
10001000000111110000000000100000
10100000000111110000000000100100
01010100000010010000000000000000
00001111111111110000000000101000
01000000000000000001010010110000
00001111111111111111111111011000
10110001001000000000000000000000
01111100001111110000000000011100
01111100000111110000000000100000
10010100000111110000000000100100
00110001001010000100100000000000
00100100000001110100100000000000
00011000000000000000111001011000
10011100000000000000000000000000
01111101001111110000000000000000
01000100000000000000000000000000
10001001001111110000000000000000
10101101001010010100100000000000
10101100001010010000000000000000
00011100000000000000111010101000
00001101001000011111111111111111
10001000001111110000000000000100
10001000000111110000000000001000
10100000000111110000000000001100
01010100000010010000000000000000
00001111111111110000000000010000
01000000000000000000111001100000
00001111111111111111111111110000
10110001001000000000000000000000
01111100001111110000000000000100
01111100000111110000000000001000
10010100000111110000000000001100
00101100000000000100100000000000
00011000000000000000111010101100
10011100000000000000000001001100
01111101001111110000000000000000
01000100000000000000000000000000
10001001001111110000000000000000
10001001000111110000000000000100
10001000111111110000000000001000
01010101000111100000000000000000
00001111110111100000000000001000
01111001001000000001000001000000
10010001001000000000000000001001
10100000000010000000000000000100
01010101001111100000000000000000
00001111110111100000000000001000
01111000111000000000111100011000
10010000111000000000000000000111
10001001000010010000000000000100
10001000000111110000000000001100
10100000000111110000000000010000
01010100000010010000000000000000
00001111111111110000000000010100
01010000000000000000000000000000
00001111111111111111111111101100
01111100000111110000000000001100
10010100000111110000000000010000
01111101001111110000000000000000
01111101000111110000000000000100
01111100111111110000000000001000
01000100000000000000000000000000
10001001001111110000000000000000
10000101001000000000111100011000
10011101000000000000000001001000
10001000000111110000000000000100
10100000000111110000000000001000
01010100000010010000000000000000
00001111111111110000000000001100
01010000000000000000000000000000
00001111111111111111111111110100
10110001001000000000000000000000
01111100000111110000000000000100
10010100000111110000000000001000
00101001001010010000000000000000
00110101000010010000000000000000
00100000000000000000111111110100
10001000000111110000000000001100
10100000000111110000000000010000
01010100000010010000000000000000
00001111111111110000000000010100
01010000000000000000000000000000
00001111111111111111111111101100
10110001001000000000000000000000
01111100000111110000000000001100
10010100000111110000000000010000
00101001000010010000000000000000
10011101001000000000000001000100
00110101000010010000000000000000
00100000000000000000111111010000
10001000000111110000000000010100
10100000000111110000000000011000
01010100000010010000000000000000
00001111111111110000000000011100
01010000000000000000000000000000
00001111111111111111111111100100
10110001001000000000000000000000
01111100000111110000000000010100
10010100000111110000000000011000
10001000000111110000000000011100
10100000000111110000000000100000
01111100000111110000000000011100
10010100000111110000000000100000
10110000000010010000000000000000
00001111111111110000000000100100
01010000000000000000000000000000
00001111111111111111111111011100
00011000000000000000111111110000
10001000000111110000000000100100
10100000000111110000000000101000
01111100000111110000000000100100
10010100000111110000000000101000
01010100000010010000000000000000
00001111111111110000000000101100
01010000000000000000000000000000
00001111111111111111111111010100
00011000000000000001000000111000
10001000000111110000000000101100
10100000000111110000000000110000
01010100000010010000000000000000
00001111111111110000000000110100
01010000000000000000000000000000
00001111111111111111111111001100
10110001001000000000000000000000
01111100000111110000000000101100
10010100000111110000000000110000
10001000000111110000000000110100
10100000000111110000000000111000
01111100000111110000000000110100
10010100000111110000000000111000
10110000000010010000000000000000
00001111111111110000000000111100
01010000000000000000000000000000
00001111111111111111111111000100
01111101001111110000000000000000
01000100000000000000000000000000
10011101001000000001000001000000
00101101000000000000000000000000
00101001000010000100100000000000
10011101001000000000000001010100
00101101001010010000000000000000
00110001001010000100100000000000
00101000000000000100100000000000
01000100000000000000000000000000
10001001001111110000000000000000
10001001000111110000000000000100
10001000111111110000000000001000
01010101001111100000000000000000
00001111110111100000000000001000
01111001000000000001000111010100
10010001000000000000000000001000
10100000000010010000000000000100
01010101000111100000000000000000
00001111110111100000000000001000
01111000111000000001000100000000
10010000111000000000000000000111
10100000000010000000000000000100
01111000111000000000000000000001
10001000000111110000000000001100
10100000000111110000000000010000
01010100001001110000000000000000
01010100000010010000000000000000
00001111111111110000000000010100
01010000000000000000000000000000
00001111111111111111111111101100
01010101001000000000000000000000
01111100000111110000000000001100
10010100000111110000000000010000
01111000111000000000000000000010
11010000111010010011100000000000
10001000000111110000000000010100
10100000000111110000000000011000
01010100010010010000000000000000
01010100001001110000000000000000
01010100000010000000000000000000
00001111111111110000000000011100
01010000000000000000000000000000
00001111111111111111111111100100
01111100000111110000000000010100
10010100000111110000000000011000
01111101001111110000000000000000
01111101000111110000000000000100
01111100111111110000000000001000
01000100000000000000000000000000
10001001001111110000000000000000
10001001000111110000000000000100
10011101001000000001000100000000
00001001000000100000100000000000
01111001001000000000000000000001
10101101000010010000000000000000
00011100000000000001000111000100
00000101000000010001000000000000
01111001001000000000000000000010
11010001001010000100100000000000
10001000010111110000000000001000
10001000001111110000000000001100
10001000000111110000000000010000
01010100000010010000000000000000
00001111111111110000000000010100
01000000000000000001010010110000
00001111111111111111111111101100
10110001000000000000000000000000
01111100010111110000000000001000
01111100001111110000000000001100
01111100000111110000000000010000
00110101000010010000000000000000
00100000000000000001000110010000
01111001001000000000000000000010
11010001001010000100100000000000
10001000010111110000000000010100
10001000001111110000000000011000
10001000000111110000000000011100
01111100010111110000000000010100
01111100001111110000000000011000
01111100000111110000000000011100
01010100010010010000000000000000
00001111111111110000000000100000
01010000000000000000000000000000
00001111111111111111111111100000
00011000000000000001000111000000
01111001001000000000000000000010
11010001001010000100100000000000
10001000010111110000000000100000
10001000001111110000000000100100
10001000000111110000000000101000
01111100010111110000000000100000
01111100001111110000000000100100
01111100000111110000000000101000
01010100001010010000000000000000
00001111111111110000000000101100
01010000000000000000000000000000
00001111111111111111111111010100
00011000000000000001000111001000
10000100000000000000000000000000
01111101001111110000000000000000
01111101000111110000000000000100
01000100000000000000000000000000
10001001001111110000000000000000
10001001000111110000000000000100
10011101001000000001000111010100
10001000001111110000000000001000
10001000000111110000000000001100
01010100000000010000000000000000
00001111111111110000000000010000
01000000000000000001010010110000
00001111111111111111111111110000
10110001000000000000000000000000
01111100001111110000000000001000
01111100000111110000000000001100
00110101001010000000000000000000
00100000000000000001001000010100
10000100000000000000000000000000
00011000000000000001001001000100
01111001001000000000000000000100
11001101000000010100100000000000
01111001001000000000000000000010
11010001001010000100100000000000
10001000001111110000000000010000
10001000000111110000000000010100
01111100001111110000000000010000
01111100000111110000000000010100
01010100001010010000000000000000
00001111111111110000000000011000
01010000000000000000000000000000
00001111111111111111111111101000
01111101001111110000000000000000
01111101000111110000000000000100
01000100000000000000000000000000
10001001001111110000000000000000
10001001000111110000000000000100
10001000111111110000000000001000
01010101001111100000000000000000
00001111110111100000000000001000
01111001000000000001010000110100
10010001000000000000000000001000
10100000000010010000000000000100
01010101000111100000000000000000
00001111110111100000000000001000
01111000111000000001001011110000
10010000111000000000000000000111
10100000000010000000000000000100
01111000111000000000000000000001
10001000000111110000000000001100
10100000000111110000000000010000
01010100001001110000000000000000
01010100000010010000000000000000
00001111111111110000000000010100
01010000000000000000000000000000
00001111111111111111111111101100
01010101001000000000000000000000
01111100000111110000000000001100
10010100000111110000000000010000
01111000111000000000000000000010
11010000111010010011100000000000
10001000000111110000000000010100
10100000000111110000000000011000
01010100010010010000000000000000
01010100001001110000000000000000
01010100000010000000000000000000
00001111111111110000000000011100
01010000000000000000000000000000
00001111111111111111111111100100
01111100000111110000000000010100
10010100000111110000000000011000
01111101001111110000000000000000
01111101000111110000000000000100
01111100111111110000000000001000
01000100000000000000000000000000
10001001001111110000000000000000
10001001000111110000000000000100
10011101001000000001001011110000
00001001000000100000100000000000
01111001001000000000000000000001
10101101000010010000000000000000
00011100000000000001001110110100
00000101000000010001000000000000
01111001001000000000000000000010
11010001001010000100100000000000
10001000010111110000000000001000
10001000001111110000000000001100
10001000000111110000000000010000
01010100000010010000000000000000
00001111111111110000000000010100
01000000000000000001010010110000
00001111111111111111111111101100
10110001000000000000000000000000
01111100010111110000000000001000
01111100001111110000000000001100
01111100000111110000000000010000
00110101001010000000000000000000
00100000000000000001001110000000
01111001001000000000000000000010
11010001001010000100100000000000
10001000010111110000000000010100
10001000001111110000000000011000
10001000000111110000000000011100
01111100010111110000000000010100
01111100001111110000000000011000
01111100000111110000000000011100
01010100010010010000000000000000
00001111111111110000000000100000
01010000000000000000000000000000
00001111111111111111111111100000
00011000000000000001001110110000
01111001001000000000000000000010
11010001001010000100100000000000
10001000010111110000000000100000
10001000001111110000000000100100
10001000000111110000000000101000
01111100010111110000000000100000
01111100001111110000000000100100
01111100000111110000000000101000
01010100001010010000000000000000
00001111111111110000000000101100
01010000000000000000000000000000
00001111111111111111111111010100
00011000000000000001010000101000
10001000010111110000000000101100
10001000001111110000000000110000
10001000000111110000000000110100
01010100000000100000000000000000
00001111111111110000000000111000
01000000000000000001010010110000
00001111111111111111111111001000
10110001000000000000000000000000
01111100010111110000000000101100
01111100001111110000000000110000
01111100000111110000000000110100
00101000111010000100100000000000
10001000010111110000000000111000
10001000001111110000000000111100
10001000000111110000000001000000
01010100000000010000000000000000
00001111111111110000000001000100
01000000000000000001010010110000
00001111111111111111111110111100
10110001000000000000000000000000
01111100010111110000000000111000
01111100001111110000000000111100
01111100000111110000000001000000
00101001001010010100000000000000
00110100111010010000000000000000
00100000000000000001010000100100
10000100000000000000000000000000
00011000000000000001010000101000
10000100000000000000000000000000
01111101001111110000000000000000
01111101000111110000000000000100
01000100000000000000000000000000
10001001001111110000000000000000
10001001000111110000000000000100
10011101001000000001010000110100
10001000001111110000000000001000
10001000000111110000000000001100
01010100000000010000000000000000
00001111111111110000000000010000
01000000000000000001010010110000
00001111111111111111111111110000
10110001000000000000000000000000
01111100001111110000000000001000
01111100000111110000000000001100
00110101001010000000000000000000
00100000000000000001010001110100
10000100000000000000000000000000
00011000000000000001010010100100
01111001001000000000000000000100
11001101000000010100100000000000
01111001001000000000000000000010
11010001001010000100100000000000
10001000001111110000000000010000
10001000000111110000000000010100
01111100001111110000000000010000
01111100000111110000000000010100
01010100001010010000000000000000
00001111111111110000000000011000
01010000000000000000000000000000
00001111111111111111111111101000
01111101001111110000000000000000
01111101000111110000000000000100
01000100000000000000000000000000
10001001001111110000000000000000
10101101001010010100100000000000
00111101001000010000000000000000
00011100000000000001010101001100
10011101001000000000000001001100
01111001001000000000000000000001
10001000001111110000000000000100
10001000000111110000000000001000
01010100000000010000000000000000
01010100001010010000000000000000
10110000000010010000000000000000
00001111111111110000000000001100
01000000000000000001011011010100
00001111111111111111111111110100
10110001001000000000000000000000
01111100001111110000000000000100
01111100000111110000000000001000
01111001001000000000000000000001
10001000001111110000000000001100
10001000000111110000000000010000
01010100000000010000000000000000
01010100001010010000000000000000
00001111111111110000000000010100
01000000000000000001011001100100
00001111111111111111111111101100
01010101001000000000000000000000
01111100001111110000000000001100
01111100000111110000000000010000
10001000001111110000000000010100
10001000000111110000000000011000
01111100001111110000000000010100
01111100000111110000000000011000
01010100000000010000000000000000
01010100001010010000000000000000
10110000000010010000000000000000
00001111111111110000000000011100
01000000000000000001010110000000
00001111111111111111111111100100
00011000000000000001010101111000
01100001001000010000000000000000
10001000001111110000000000011100
10001000000111110000000000100000
01010100000010010000000000000000
00001111111111110000000000100100
01000000000000000001010010110000
00001111111111111111111111011100
10110001001000000000000000000000
01111100001111110000000000011100
01111100000111110000000000100000
01100100000010010000000000000000
01111101001111110000000000000000
01000100000000000000000000000000
10001001001111110000000000000000
10001001000111110000000000000100
00111100010000010000000000000000
00011100000000000001010111110000
01111001001000000000000000000001
10101100010010010000000000000000
00011100000000000001010111101000
10011101001000000000000001010100
00110001001000000100100000000000
01111001001000000000000000000010
11010001001000100100100000000000
10001000010111110000000000001000
10001000001111110000000000001100
10001000000111110000000000010000
10100000000111110000000000010100
01111100010111110000000000001000
01111100001111110000000000001100
01111100000111110000000000010000
10010100000111110000000000010100
01010100000000010000000000000000
01010100001010010000000000000000
10110000000010010000000000000000
00001111111111110000000000011000
01000000000000000001010110000000
00001111111111111111111111101000
00011000000000000001010111101100
10011100000000000000000001010000
00011000000000000001011001011000
01111001001000000000000000000001
10101100010010010000000000000000
00011100000000000001011001010000
00001001000000010001000000000000
10011101001000000000000001010100
00110001001000000100100000000000
01111001001000000000000000000010
11010001001000100100100000000000
10001000010111110000000000011000
10001000001111110000000000011100
10001000000111110000000000100000
10100000000111110000000000100100
01111100010111110000000000011000
01111100001111110000000000011100
01111100000111110000000000100000
10010100000111110000000000100100
01010100001010010000000000000000
01010100000010000000000000000000
10110000000010010000000000000000
00001111111111110000000000101000
01000000000000000001010110000000
00001111111111111111111111011000
10110001001000000000000000000000
00011000000000000001011001010100
10011101001000000000000001010000
00100100000000000100100000000000
01111101001111110000000000000000
01111101000111110000000000000100
01000100000000000000000000000000
10001001001111110000000000000000
10001001000111110000000000000100
01111001001000000000000000000100
11001101000000100100100000000000
01111001001000000000000000000010
11010001001010000100100000000000
00111101001000010000000000000000
00011100000000000001011011000100
01111001001000000000000000000100
11001101000000100100100000000000
01111001001000000000000000000010
11010001001010000100100000000000
10001000010111110000000000001000
10001000001111110000000000001100
10001000000111110000000000010000
01111100010111110000000000001000
01111100001111110000000000001100
01111100000111110000000000010000
01010100000000010000000000000000
01010100001010010000000000000000
00001111111111110000000000010100
01000000000000000001011001100100
00001111111111111111111111101100
00011000000000000001011011001000
10000100000000000000000000000000
01111101001111110000000000000000
01111101000111110000000000000100
01000100000000000000000000000000
10001001001111110000000000000000
10001001000111110000000000000100
01111001001000000000000000000100
11001101000000100100100000000000
01111001001000000000000000000010
11010001001010000100100000000000
00111101001000010000000000000000
00011100000000000001011101000100
00100101001000000000000000000000
01111001001000000000000000000100
11001101000000100100100000000000
01111001001000000000000000000010
11010001001010000100100000000000
10001000010111110000000000001000
10001000001111110000000000001100
10001000000111110000000000010000
10100000000111110000000000010100
01111100010111110000000000001000
01111100001111110000000000001100
01111100000111110000000000010000
10010100000111110000000000010100
01010100000000010000000000000000
01010100001010010000000000000000
10110000000010010000000000000000
00001111111111110000000000011000
01000000000000000001011011010100
00001111111111111111111111101000
00011000000000000001011101001000
10011100000000000000000000000000
01111101001111110000000000000000
01111101000111110000000000000100
01000100000000000000000000000000
10001001001111110000000000000000
01111001001000000000000000000010
01010100000010010000000000000000
00001111111111110000000000000100
01000000000000000001010010110000
00001111111111111111111111111100
10110001001000000000000000000000
10011101001000000000000001010100
10110000000010010000000000000000
00001111111111110000000000000100
01000000000000000001001001010000
00001111111111111111111111111100
01010101001000000000000000000000
10011101001000000000000001010100
10110000000010010000000000000000
00001111111111110000000000000100
01000000000000000001000001100000
00001111111111111111111111111100
01010101001000000000000000000000
10011101001000000000000001010100
10110000000010010000000000000000
00001111111111110000000000000100
01000000000000000000111010110100
00001111111111111111111111111100
10110001001000000000000000000000
10011101001000000000000001001100
10110000000010010000000000000000
00001111111111110000000000000100
01000000000000000000101111010000
00001111111111111111111111111100
10110001001000000000000000000000
10011101001000000000000001001100
10110000000010010000000000000000
00001111111111110000000000000100
01000000000000000000100100001100
00001111111111111111111111111100
10110001001000000000000000000000
10011101001000000000000001001100
10110000000010010000000000000000
00001111111111110000000000000100
01000000000000000000011001001000
00001111111111111111111111111100
10110001001000000000000000000000
01111001001000000000000000000011
01010100000010010000000000000000
00001111111111110000000000000100
01000000000000000000000010000000
00001111111111111111111111111100
00001111111111110000000000000100
01000000000000000000000001101100
00001111111111111111111111111100
00001111111111110000000000000100
01000000000000000000000001011000
00001111111111111111111111111100
01111101001111110000000000000000
01000100000000000000000000000000
